0.949	0.997
1.236	0.988
1.022	1.105
2.23	4.051
4.679	4.241
4.014	10.383
6.02	8.705
7.909	8.325
6.85	7.66
8.234	8.741
5.916	5.891
6.835	6.674
5.404	8.74
4.963	6.878
5.502	5.628
5.679	6.051
3.622	4.915
4.343	5.412
3.751	12.112
4.899	5.092
3.458	8.791
5.111	5.739
5.381	9.494
5.182	4.855
3.351	8.724
4.962	4.826
3.285	8.934
4.874	4.697
3.324	8.671
4.912	5.002
3.175	9.214
5.208	4.45
3.158	8.218
4.551	4.357
3.089	8.006
4.565	4.98
3.566	12.352
7.596	6.366
5.088	10.503
4.914	4.715
3.311	8.519
4.357	4.265
3.009	8.004
4.89	4.833
3.37	10.02
7.332	4.889
3.351	8.677
4.886	4.703
3.194	8.57
4.822	4.632
3.243	8.44
4.809	4.587
3.278	8.465
4.812	4.597
3.303	8.684
4.927	4.728
3.29	8.707
4.777	4.896
3.455	9.142
4.977	4.866
3.59	0.843	0.824
1.085	0.831
0.87	0.145	0.844
0.086	0.81
0.077	0.924
0.113	3.151
0.132	2.311
0.095	6.279
0.418	0.892
0.109	0.834
0.156	0.058	0.05	0.058	0.081	0.104	0.117
0.072
0.078
0.071
0.24
0.288
0.093
0.133
0.261
0.246
0.06	0.057	0.083	0.071	0.102	0.075	0.163	0.193	0.075	0.125	0.17	0.183	0.111	0.273	0.253	0.321	0.396	0.292	0.274	0.115	0.304	0.613	0.885	0.824	0.403	0.421	0.667	0.651	1.145	1.628	1.862	1.786	1.258	2.079	1.215	1.26	3.986	1.883	1.772	2.263	1.609	1.618	1.076	2.116	0.897	0.585	0.41	0.413	0.682	0.631	1.098	1.608	1.841	1.776	1.276	2.052	1.201	1.284	3.945	1.87	1.719	2.185	1.616	1.713	1.131	2.153	0.882	0.614	0.005	0.005	0.001	0.003	0.004	0.002	0.004	0.002	0.002	0.0	0.001	0.0	0.001	0.0	0.0	0.001	0.001	0.0	0.0	0.0	0.41	0.412	0.633	0.641	1.104	1.577	1.826	1.803	1.292	2.058	1.234	1.319	4.15	1.937	0.516	0.407	0.624	0.631	1.141	1.658	1.916	1.764	1.272	